12503
6724
9798
26156
30961
11203
4985
4929
11732
21198
168
10749
19732
24457
17793
17381
12435
11734
15817
6180
30527
25135
825
20723
17010
22949
25554
6765
4668
14576
7153
1639
29732
8590
2797
28985
30495
11753
19890
1631
1431
2671
3824
28291
32741
8010
24969
5012
1046
22830
31510
31033
17039
25842
32191
11489
571
9150
15512
15459
9718
29371
24913
8297
29014
21663
17105
23600
32181
7446
9950
20040
28799
17117
27049
1054
28567
25158
30811
10244
15170
1466
223
19124
4469
13734
13354
24625
27023
25271
5385
13077
12035
7698
18034
31992
12537
16667
1191
6014